F0_Hz
121.7455616938
146.1258974738
151.5432018074
202.2625361732
170.5455388329
236.3237628945
169.1574836675
140.4518222507
208.1489540827
214.0853592623
194.8018669714
125.7112042820
174.7522455991
172.2703105099
230.8526354865
177.7747090337
171.8463417948
165.8121822042
184.9343545552
184.4016755987
193.4784622294
235.1544172572
143.6258588759
160.3692470397
151.5541364468
200.9644927692
230.1921661024
167.4112487935
162.6313451347
145.9133908323
211.8513255229
231.6124818931
214.9189643616
219.3622639504
147.8971660487
175.8289419799
192.1980224395
195.3183340908
180.3322259422
207.4573362873
